39 34000 856000
51 52000 658401
54 60000 1124547
34 26000 536000
12 12000 873524
39 43000 856000
18 4000 1454431
112 175000 1699896
63 39000 2260000
50 49000 770000
40 22650 540000
40 16000 397000
76 64418 1008000
46 52000 770000
41 46000 315000
101 55000 856500
20 19600 975000
17 10100 505000
35 41000 518880
85 41000 518880
65 72000 797500
53 30000 420000
33 66000 1161000
126 83000 2050000
22 5000 424900
13 3200 1204500
24 20000 750220
39 4500 1069080
34 68000 1305000
80 25500 378326
80 65100 1370000
9 4150 635402
12 3200 348611
67 89800 1530000
30 54000 635832
68 25448 517866
14 8700 1010000
68 44750 530000
36 10200 512600
39 19200 1012000
54 80000 2180000
14 8900 880066
46 22000 640000
44 47000 520000
62 23960 1458000
12 7900 867000
59 24000 533000
15 19000 3890000
53 66000 755000
40 38000 1448614
34 69000 1274919
45 19400 1018000
46 32165 867124
12 18000 622000
52 45060 372858
57 22000 533306
15 4900 923800
20 21500 1034900
24 19000 602626
22 13500 4099000
45 13500 1100000
119 71000 1370000
12 12000 3212000
144 80000 630000
69 68500 826000
11 1800 971634
48 32000 1024835
6 3000 705497
65 77000 798269
47 41000 576505
18 15000 969650
68 46500 1566000
33 15000 449094
32 26000 570216
44 44500 962351
28 26600 518000
63 65000 827336
32 11500 727835
46 8000 59828
32 20000 873214
30 6600 2988000
13 12000 2336000
60 50000 1583000
95 47000 530000
15 12300 620700
61 18000 755000
40 54000 1027000
46 41000 924000
38 93000 1431721
11 6800 1815067
37 33000 704000
90 95000 2683072
27 30000 647365
74 41000 611000
77 31000 1194209
83 47000 2508798
26 4500 168123
67 29500 968990
17 10400 837089
15 6000 606867
59 31300 92698
6 9500 999900
80 80000 1172943
74 35000 1008833
6 1600 1300231
46 23000 653803
35 24000 649900
62 41000 3191000
34 23000 1025500
109 41500 477000
75 50000 922290

