0.22
0.38
0.29
0.30
0.03
0.23
0.17
0.84
0.57
0.48
0.20
0.18
0.58
0.48
0.25
0.65
0.10
0.17
0.24
0.50
0.39
0.39
0.14
0.72
0.18
-0.05
0.07
0.25
0.39
0.52
0.74
0.06
0.08
0.64
0.30
0.56
0.17
0.39
0.30
0.23
0.67
0.16
0.43
0.39
0.49
0.17
0.44
0.23
0.54
0.40
0.31
0.43
0.33
0.10
0.43
0.51
0.11
0.14
0.05
0.24
0.36
0.71
0.02
0.78
0.49
0.07
0.49
-0.02
0.59
0.26
0.15
0.66
0.16
0.19
0.35
0.19
0.36
0.34
0.33
0.20
0.16
0.14
0.61
0.59
0.22
0.43
0.56
0.51
0.56
0.01
0.41
0.69
0.23
0.49
0.41
0.70
0.32
0.38
0.10
0.09
0.51
0.10
0.57
0.54
-0.12
0.42
0.20
0.53
0.34
0.58
0.62
